23290199141
23230819568
23280694024
23299099497
23233579405
23233978565
23288830142
23233570235
23299673091
23280206353
23288324069
23288503528
23230910605
23230099582
23290209038
23233915716
23290555836
23290433493
23288970716
23288737210
23233581369
23299582741
23299843775
23233635491
23230211469
23288126513
23230063261
23277408707
23290013587
23230217132
23288696959
23233041842
23288358339
23280889422
23233224826
23288911716
23230005511
23280772937
23233058686
23299677641
23233460419
23233363123
23288112265
23280554693
23233518031
23290735508
23277760846
23230710619
23233081810
23299357800
23230384786
23290459503
23299025471
23290621299
23233730559
23288403226
23233065839
23233936352
23280953254
23230538681
23280113361
23233253134
23230317985
23288609887
23299688718
23299770581
23299116815
23290772526
23277158100
23233101102
23290310653
23288581738
23299467524
23233997780
23233263484
23233228327
23230674691
23299594366
23233919006
23230859180
23277309462
23288101331
23299740945
23290753723
23288560508
23230092825
23233818700
23299916524
23277939023
23299883927
23280496158
23233115428
23277165788
23233136855
23299463011
23230493708
23280107957
23230876115
23299905529
23299103305
23280212387
23280265015
23288511003
23299444892
23299953358
23299964379
23290176044
23290545779
23277473308
23299810431
23277076219
23290550613
23290226872
23230939787
23233175877
23290519064
23290093563
23230053133
23290650712
23277663794
23288990418
23299175954
23277098071
23280213253
23233590675
23288800977
23280102204
23288506421
23230318375
23290417556
23230647835
23290571157
23288533074
23280142908
23233879955
23299187851
23280558570
23233940748
23277978170
23290463990
23233404393
23230013219
23277002121
23233449112
23277433914
23280906664
23230077993
23299864259
23230565946
23233449646
23290523774
23290786323
23277474559
23288631373
23299549791
23230799969
23277437650
23277149716
23288768368
23233756631
23288459770
23299430639
23280686937
23230846151
23230686398
23233302001
23280167177
23299594490
23233502898
23299975485
23277700523
23290892622
23288947497
23277130066
23230555600
23290311609
23288810256
23230787814
23299893477
23277823690
23230807496
23280002240
23299822439
23299096451
23230181117
23290901652
23288871908
23233087382
23280165530
23299808806
23277265633
23299878905
23290953571
23280107198
23299650816
23280719607
23230421627
23290417741
23288219153
23277966400
23277827179
23233223750
23288303417
23290556507
23277290144
23277892288
23280439367
23299161511
23299716730
23277322608
23230005210
23277504243
23280983413
23288263336
23277701701
23230543570
23280001069
23233372605
23299101541
23230437952
23288634054
23230117243
23288326132
23280626320
23280773516
23230407424
23277903106
23288438749
23230072077
23290405098
23290040024
23280698349
23288106024
23280844726
23277314035
23299062967
23233611693
23288003500
23277264410
23299315339
23233821696
23230013397
23288771900
23277049407
23277041579
23233606490
23288186556
23233178260
23277418659
23280949234
23277164308
23299984718
23288538056
23290434922
23280144610
23290207698
23233825110
23233299638
23299880524
23299251665
23280042329
23299974691
23233679610
23233840499
23290050061
23288438023
23277497844
23299795491
23277397940
23233799281
23230624034
23299895066
23233223744
23277968696
23299819255
23277955590
23290219026
23280849470
23288152166
23299160093
23280275245
23233151272
23230546805
23230073668
23230022639
23290447174
23299826866
23299637279
23299151366
23288301712
23280131321
23299452889
23288968362
23280237447
23299826077
23288678989
23233367651
23233879754
23280348517
23230993441
23288648653
23277208537
23290728153
23280322835
23277342556
23290583054
23299830930
23277890832
23230842053
23280777386
23277415381
23288851276
23288353241
23277193247
23290747075
23290255234
23230353296
23290827586
23299778247
23230068893
23230554076
23277152538
23299629023
23280146197
23277113404
23290268620
23288007344
23233991036
23288111644
23230474561
23230489844
23280982891
23230484296
23299062177
23277307517
23290618749
23277796131
23230023361
23230295739
23233897604
23277175879
23290055784
23299552172
23280896169
23280509669
23277975691
23230196658
23233712924
23277337989
23280032699
23277849987
23290661618
23288285378
23299433815
23299243969
23299308929
23299733817
23290465284
23230606629
23299652536
23288657184
23230743817
23299727250
23233489972
23290157707
23288984177
23233080772
23290195491
23277251463
23233271697
23233424685
23290635993
23280613414
23277905582
23288323149
23299478838
23277003342
23233969385
23299357711
23230908959
23288073583
23230960237
23290252476
23233736485
23290728810
23277555561
23290628371
23299282955
23230156443
23299541902
23277975311
23233813503
23233676065
23290905308
23280448515
23233140932
23290804696
23277432258
23230765150
23299036490
23299657998
23230206661
23277161882
23290714823
23299562499
23288009167
23290836676
23299602235
23288457397
23290360116
23230794470
23230017023
23299335778
23290010304
23277219777
23230354612
23277219779
23280296629
23233921550
23280201137
23299777817
23277952196
23290157747
23280774483
23280239662
23280932991
23233971038
23290388024
23280582508
23290729571
23299894084
23277639926
23230335024
23230494224
23277372828
23230017620
23277079546
23280058385
23299622000
23277466860
23230433281
23277983424
23290355334
23280218629
23299066548
23290322166
23230489632
23299246089
23230155950
23233388911
23280744574
23230695727
23280086313
23280871350
23290698741
23277497731
23233353877
23230099821
23288604981
23288534401
23299064450
23233961960
23277268655
23230820215
23233231362
23233773233
23277925131
23277466489
23299393855
23230815536
23233492734
23290141278
23277473319
23230461040
23277110490
23299189309
23280403718
23280400859
23299517371
23230600594
23280975444
23233515345
23230900201
23288952331
23233680546
23277667075
23233319861
23230703080
23280718541
23290081349
23290466317
23288126882
23280184819
23288590866
23290309650
23290404348
23277199989
23288381952
23280857279
23277361790
23277422867
23230144159
23299954563
23233316030
23280674992
23280282416
23288758584
23233181307
23299896001
23288687792
23290155031
23233914190
23290926639
23299313270
23280877001
23277387032
23299896571
23233648449
23233196237
23233099121
23277805133
23233671646
23280038267
23290151889
23230456198
23290992331
23233608878
23290715623
23280601493
23299954730
23233254495
23280011283
23288789022
23230905676
23233777460
23299868744
23290857684
23230446084
23230964394
23233668892
23280372897
23277803188
23299176219
23233756697
23288040441
23277157548
23290013448
23280703913
23299171903
23288021260
23290476917
23277525172
23290173341
23290098817
23288379851
23277933320
23233395154
23280467266
23280780634
23288119035
23299556732
23299318093
23280170944
23277193676
23230338390
23277901702
23277939781
23290506509
23288565675
23230382817
23230966978
23299428061
23277538052
23288141143
23290165411
23230860790
23288189211
23280250192
23233465805
23280955477
23230270964
23277973163
23290783392
23290122195
23280219197
23299290815
23233798754
23277428811
23299626935
23230115592
23280492421
23288945697
23299410295
23288004819
23277749112
23230692314
23280184691
23288000901
23299657473
23277263429
23233313025
23277646548
23233731066
23233268546
23288128119
23288591013
23233953805
23277217834
23277989390
23299379382
23290491348
23299874325
23290486390
23280958460
23290306575
23280152549
23277222538
23277472765
23277818206
23230635109
23233037625
23230138584
23299253529
23290745361
23230049453
23230301427
23290429217
23233181871
23233975568
23233790637
23233683952
23288188012
23277713453
23290651382
23288529997
23299586974
23280217946
23230907260
23288804549
23230642345
23280728784
23299978623
23290421510
23277378154
23280992317
23277609244
23288571506
23280980480
23233823837
23290480705
23277771945
23290837375
23288089767
23277938781
23280731573
23230530794
23233572146
23280262223
23299986082
23288129314
23288351761
23277081300
23280258671
23290521961
23277767090
23299410499
23288962616
23233817747
23288076068
23233792222
23288365610
23280911956
23280356280
23290026974
23280236328
23290472049
23233278757
23280385056
23280913449
23280045278
23233894101
23299805358
23290012839
23233361202
23277560273
23233109382
23299663687
23288046320
23280401391
23230948650
23277289578
23277910406
23290507200
23277086173
23277717679
23290615402
23277356792
23280786172
23233680727
23290355022
23230403433
23233170811
23233739943
23277364044
23277016426
23230376763
23288221010
23299139117
23233810544
23230777595
23280523281
23230195422
23230320693
23280354271
23233895231
23290411998
23233004209
23280044654
23233402737
23233311087
23277839985
23233847124
23290238893
23277498765
23230731561
23290062838
23277300013
23233175791
23233907587
23288727767
23290764194
23290767598
23288236178
23230044460
23290199494
23230937485
23290768858
23299242557
23280082516
23230120724
23233863584
23230790061
23233620057
23230796585
23288076000
23230536247
23288793933
23230217580
23233592145
23233281254
23280166311
23230281689
23280396010
23288008603
23290775927
23299531905
23288229737
23277458482
23280595058
23280388372
23290732959
23280818697
23233454657
23233949014
23280660859
23277814248
23290413799
23299952404
23277787034
23280792054
23230143358
23290260768
23288764698
23280467187
23288102641
23290547556
23280824930
23280039245
23290194291
23277413916
23277627130
23288588547
23280156039
23288042036
23230107323
23233248636
23277024025
23277253276
23233876916
23288894870
23290451293
23230642693
23288939578
23280750644
23288162776
23290517672
23288281170
23288952750
23230767425
23288867030
23290678107
23299015946
23233734270
23290051195
23233202051
23280042255
23290660509
23280417068
23233471338
23290690808
23277836072
23288518798
23299858209
23277340985
23290479829
23290724875
23230656563
23233974702
23230128636
23233085674
23290386606
23299157905
23277082891
23288045792
23299836871
23280926422
23288859475
23277916402
23288177111
23230462654
23280097233
23230791757
23299202921
23230716785
23280318014
23233776073
23230606625
23230626484
23299793076
23277002831
23288363213
23233691280
23299628952
23288373873
23233263049
23277454893
23290774726
23230503571
23280145768
23230464556
23288623569
23233306209
23288130260
23290872967
23233118612
23288868318
23288942881
23299729621
23290631269
23299332587
23277818181
23233770453
23288218309
23288662343
23280502473
23230439249
23299175590
23230785452
23288739603
23288310509
23280933964
23277535074
23277457487
23233362383
23290375788
23280435746
23299192973
23233206924
23290856182
23277835448
23299927682
23280933493
23299122904
23290643451
23290326970
23280119849
23277853976
23280408323
23233926778
23280778470
23288009264
23277050392
23230609538
23299307484
23280317752
23233145810
23299316276
23277672605
23299689680
23230191691
23280194426
23299158399
23230873266
23290292670
23288315207
23290652214
23288240906
23277546157
23299074423
23299259433
23233231383
23290097281
23290440079
23233394655
23277993509
23233997592
23290803845
23233420968
23230128540
23299190801
23299509018
23233434883
23299871346
23277756968
23288622920
23299283629
23299793494
23277862268
23288355172
23299536237
23290439198
23233964056
23277182929
23280634920
23233196019
23290898382
23280595372
23233253014
23233035286
23230849674
23299246442
23290866837
23277717616
23233182847
23280197214
23233309887
23280084539
23290009062
23280122099
23233301876
23290223691
23277448488
23288083400
23277274077
23233050241
23288919912
23299265112
23288217314
23230325383
23290403753
23277708320
23230545365
23280220391
23230157877
23230504521
23277077274
23290110445
23299193467
23299879531
23277359660
23290354805
23280303634
23299987078
23288509802
23280018214
23280488770
23277139748
23299832400
23233578558
23230103780
23290315941
23290413725
23299965061
23299747963
23299124671
23299727114
23299093102
23288229346
23230357693
23299751038
23230931029
23299009836
23230372525
23290769301
23290911889
23233221782
23233173888
23299347186
23290526781
23299385823