4915217197882
4915212232455
4915211719028
4915218858557
4915216450651
4915216521221
4915211367501
4915213154793
4915219819988
4915213085802
4915213656799
4915217262709
4915217708849
4915213500526
4915211297252
4915211904794
4915214724353
4915218569196
4915219924400
4915214303142
4915212469800
4915214655229
4915214432341
4915210475902
4915216592176
4915214128815
4915217197882
4915212232455
4915211719028
4915218858557
4915216450651
4915216521221
4915211367501
4915213154793
4915219819988
4915213085802
4915213656799
4915217262709
4915217708849
4915213500526
4915211297252
4915211904794
4915214724353
4915218569196
4915219924400
4915214303142
4915212469800
4915214655229
4915214045796
4915215789765
4915216775631
4915212610707
4915215768149
4915210910778
4915212571413
4915216504245
4915210650444
4915216037649
4915216551226
4915214539491
4915212662456
4915210398548
4915211985804
4915215465132
4915216504550
4915217886839
4915210654258
4915211381193
4915219875462
4915214432341
4915210475902
4915216592176
4915214128815
4915217197882
4915212232455
4915211719028
4915218858557
4915216450651
4915216521221
4915211367501
4915213154793
4915219819988
4915213085802
4915213656799
4915217262709
4915217708849
4915213500526
4915211297252
4915211904794
4915214724353
4915218569196
4915219924400
4915214303142
4915212469800
4915214655229
4915214432341
4915210475902
4915216592176
4915214128815
4915217197882
4915212232455
4915211719028
4915218858557
4915216450651
4915216521221
4915211367501
4915213154793
4915219819988
4915213085802
4915213656799
4915217262709
4915217708849
4915213500526
4915211297252
4915211904794
4915214724353
4915218569196
4915219924400
4915214303142
4915212469800
4915214655229
4915214045796
4915215789765
4915216775631
4915212610707
4915215768149
4915210910778
4915212571413
4915216504245
4915210650444
4915216037649
4915216551226
4915214539491
4915212662456
4915210398548
4915211985804
4915215465132
4915216504550
4915217886839
4915210654258
4915211381193
4915219875462
4915214432341
4915210475902
4915216592176
4915214128815
4915217197882
4915212232455
4915211719028
4915218858557
4915216450651
4915216521221
4915211367501
4915213154793
4915219819988
4915213085802
4915213656799
4915217262709
4915217708849
4915213500526
4915211297252
4915211904794
4915214724353
4915218569196
4915219924400
4915214303142
4915212469800
4915214655229
4915214432341
4915210475902
4915216592176
4915214128815
4915217197882
4915212232455
4915211719028
4915218858557
4915216450651
4915216521221
4915211367501
4915213154793
4915219819988
4915213085802
4915213656799
4915217262709
4915217708849
4915213500526
4915211297252
4915211904794
4915214724353
4915218569196
4915219924400
4915214303142
4915212469800
4915214655229
4915214045796
4915215789765
4915216775631
4915212610707
4915215768149
4915210910778
4915212571413
4915216504245
4915210650444
4915216037649
4915216551226
4915214539491
4915212662456
4915210398548
4915211985804
4915215465132
4915216504550
4915217886839
4915210654258
4915211381193
4915219875462
4915214432341
4915210475902
4915216592176
4915214128815
4915217197882
4915212232455
4915211719028
4915218858557
4915216450651
4915216521221
4915211367501
4915213154793
4915219819988
4915213085802
4915213656799
4915217262709
4915217708849
4915213500526
4915211297252
4915211904794
4915214724353
4915218569196
4915219924400
4915214303142
4915212469800
4915214655229
