491634830942
491634780379
491634619424
491634192228
491634919045
491634264982
491634442102
491634528693
491634072123
491634213905
491634714351
491634622913
491634014261
491634805837
491634500226
491634061084
491634554151
491634525137
491634742939
491634423265
491634949567
491634509831
491634469367
491634455254
491634936532
491634536010
491634179520
491634270699
491634309405
491634793292
491634427803
491634390481
491634487941
491634350160
491634967012
491634560733
491634482053
491634531165
491634606670
491634494900
491634416002
491634114982
491634807290
491634000684
491634533299
491634377070
491634523345
491634973886
491634457405
491634770455
491634604031
491634239632
491634517729
491634477366
491634019654
491634550074
491634783067
491634536388
491634636811
491634954397
491634272263
491634911100
491634615113
491634378868
491634238769
491634866060
491634967078
491634256033
491634116543
491634831918
491634959964
491634903452
491634234702
491634306886
